··>‘<‚<·³.{ >³15( 2203<-
Diesobs. Altitudo Refr. {Diam Declinat. Eleuatio

 

 

 

 

 

 

 

St. nov. limbBoreal -paL O O Poli,

1 Maii52⁰.52'. 9¹¹ 0¹.45‘¹ 15¹.54‘¹ 15⁰.21¹. 1¹¹ 52⁰.43¹.31¹¹
4 53 44 17 43 53 16 11 53 43 42
6 54 18 40 - - -- 16 45 32 43 28
14 56 22 6 39 51 18 49 ι3,5 43 37}
Ῑ7 57 3 21 3855 5025 19 30 3Ι 43 39
19 5⁴7 29 25 38 50 19 56 24 43 27
21 57 53 55 “· - ·- 20 20 55 43 28
22 58 5 29 3775 49‚5 20 32 40 43 38
24 58 28 19 36,5 - 20 55 8 43 25
26 58 49 4 36 49 21 16 7 43 28
27 58 58 46 — — — 21 26 ς 43 44
1 Iun. 59 43 0 34 48 22 10 14 43 36
3 59 57 5ι - -- - 22 25 14 43 45
5 60 10 57 - - — 22 33 39 44 0
6 60 17 34 “ ““ 47³5 22 44 46³5 43 34
[7 60 22 44 - -— — 22 50 30 44 7
8 60 28 31 35,5 - 22 55 49 43 39
11 60 41 57 33 47 23 9 26 43 49
12 60 45 21 — - ’ .- 23 13 3 44 2
³3 60 49 3 “ -· - 23 16 21 43 38
15 60 53 55 - - -- 23 21 42 44 7
17 60 56 8 - -· - 23 25 2455 43 56}
18 60 59 8 - - - 23 26 39 44 1
20 61 0 10 - — —- 23 27 53 44 3
21 ⁸61 0 1510. 33 {1547 523 27 52 Ι 43 55

—**-*

Latitudo igitur vrbis Tanbow tuto statui potest 52⁰. 433¹.
R 1‘ 9- Obser-

