HISTOIRE. 21

V. Table specielle
des morts du sexe masculin
rang& selon leur 5ge.

 

Age desxnonz 7176471765 1766 1767 1768 176941770 1771 1772 1773 1774 1775 1776 1777 1778 1779¹1780 Smnnoe.

 

 

 

 

 

 

 

 

 

 

Enfinsvenfisnnonsau numde 46 37 36 20 24V 27 35 24 25’ 22 21 27 12 14 20 15 11ἷ 416
Entre 0 -— 1 an.¹ 579 633 744 687 633ἱ 790 703 717 724 700 652 415 638 515 507 579 501 10722

1 - 2 152 159 157 123 59- 77, 74 63 33Ἰ 120 109 170 120 133 145 137 170] 2061

2 - 3 50 71 33 31 64Ἰ 112ἰ 93 111 135’ 32 91 111 116 53 49 52 53’ 1412
34 67 92 73 52 107ἶ 90 69 94* 59 65 74 91 58 57 52 51 1185

 

 

ὶ----.

 

 

32 51 77 , 50 51¹ 60. 66 67 85 64 71 62 85 54 39 57 48, 1019
26 23 41 44 16] 26³ 52 48 45 42 40 64 53 34 32 42 36 669
69 93 71 59 47* 67, 91 82 117 97 111 76 71 58 75 113 76v 364
142 153 216 155 921 133 315 454 2421 626 531 162 164 203 131 235 133 14752
130 215 264 139 134¹ 217 197 278 250; 313 131 114 231 225 269 272 267 3751

 

 

1
173 139 231 234 164 172y 674 353 231 336 315 140 150 290 250 171 234Ὶ 4412
167 133 237 173 156ἰ 172ξ 120 142 169 ’137 131 91 149 173 173 190 229¹ 2352
142 193 232 238 157 178¹ 253 133 157 163 126 130 142 203 143 141 132ῐ 2923
103 147 264 127 1427 142³ 119 167 150 142 103 30 143 117 1457 149 151' 2401
34 92 154 159 115ι 123 117 103 39 113 37 74 110 156 114Ἰ 132 138¹ 1970

59 82 155 85 112¹10³ 88 103 112 89 64 39 78 86 85 82 8111503

72 63 67 100 659 66 94 63 63 73 71 54 79 104 76 103 93 1320
42 69 67 48 56 52 60 61 67 60 59 42 57 66 42 48 62 958
24 42 39 76 37 36 31 50 51 43 41 46 61 70 58 37 61 803
27 ¹0 40 22 26 35 17 26 43 29 25 45 35 38 21 26 31 496

 

 

——

 

 

 

 

 

 

 

 

 

 

 

 

 

 

 

 

 

 

 

 

 

 

 

 

 

 

 

 

 

 

 

 

 

 

 

 

 

 

19 17 36 19 15 18 10 7 21 23 21 21 16 19 17 13 23 330
9 9 8 4 7 5 4 8 10 2 5 9 2 8 3! 5 11 109
2 4 9 1 0 1 2 4 7 4³ 0 0 1 6 2 7 4 54
3 5 5 2 0 6 2 3 1 1 2 0 0 3 2] 2 2 33
3 1 3 0 1 1 1 1 2 0 1 0 2 1 o

0 1 13

 

 

 

 

 

 

 

 

 

‘—--..

 

Sonuna 2244 2623 3373,2724 2224 2770 3303 3197 2933’3460 292312046 2611 2697 2509 2670 2661 47538
Histoire de 1782· P. Ι. d Vl.

