-ψ-

5 5 7
7 429 473
3 105 91
1 72 39
2 69 45
9 34 30
1 26 21
2 24 42
0 65 36
3 62 68,
ο 57 62
6 59 69
5 88 58
9 62 43
Β 72 55
9 56 55
5 70 49
3 41 41
2 50 35
3 33 22¹
3 33 17
7 10 3
4 6 2
3 0 1
1 1 1
4 15 0 1365

 

 

 

 

 

 

 

 

 

 

 

 

 

 

6 2 207
500 504 9870
79 96 1620
45 46 1224
64 71 1135
43 36 725
24 15 421
46 43 671
63 42 973
69 88 1195
64 44 1107
71 69 1118
59 56 949
55 56 834
53 62 843
60 45 719
56 62 803
37 40 687
48 66 791
17 23 451
19 31 335

4 7 113

5 2 58

1 2 29

2 Ο 21

 

 

 

1490 1508 {6899
xlll.

