Tes

774 Ῑ775 Ι776 Ι777 Ι778 Ι779 Ι78Ο

—--—-0..—-—-—.-—--———

756 666 672 663
924 361 632⁴ 349
4³8· 32T 4472 437
τις 96- 96 96
54 102 69 90
312 51 127 139
31 84 255 62
119Γ 114 128 107
27 39 24 62
³0 64 30 31

9 0 9 28
16 1 15 10
7 0 10 22
7 43 3 2
3 8 2 1
2 0 4 5
3 0 2 2
o o 0 0
o ο 1 2
0 o 0 ο
0 0 0 0
54 63 73 75

 

25

Sonnna

 

700 727 729112458

 

 

 

889 886 954 13489
392 472 398 7356
93 118 120 2030
59 69 96 1383
83 100 89 2432}
5 7 2ί 1378
84 62 82 1858
ἐς 83 40 6303
19 51 67 466ῐ
12 8 23 640
20 25 9 303
15 15 0 191
0 1 Ο 202
0 ο ο 88
9} 2 4 97
2 1 1 32
0 1 Ο 10
1 Ο 0 11
0 0 o 8
0 Ο 0 1
51 27 30 2059

 

 

 

»07 2019 2599 2683 2489 2655 2649,47ι22

ἒξ.

