’”“”“““”““”’”“’“”““““““’”””““ἶ76ἷ“ἶῆ66 1767 1768 1 69 1770 1771 1772 1773 1774 1775

 

 

 

Age des1nons Ἡ1764
Enfans venfis morts au monde.¹ 28
Eune 0 —- 1 an] 550

1 - 2 91

2 - 3 26

3 - 5 42

5 - 10 13

10 —- ις ¹9

15 —- 20 42

20 —- 25 4³

25 - 30 66
-,,-,.--,---κ-.-μ --
3ο - 35 61

35 ““ 40 70

40 - 45 45

45 ·“ 50 32

50 - 55 28

55 - 60⁷ 38

60 - 65 26

65 - 70 45

70 ““ 75 28

75 ·- 80 40

80 “- 85 13

85 - 90 9

90 ”’ 95 7

95 - 100 4

dessns 100 1

Sonunffi 1367¹1623 1875 1637,1395
Histoire de 1782. P. I.

 

 

7 11 15 16 9 15 14
769 642 593Ὶ 741 625 650 604 613
111 198 47Ῐ 72 68 81 83 86

7 74 43 89 72 87 128 98
52 49 82 69 64 10³ 44 ⁰

28 25 44 53 39 71 41
26 16 14 28 23 35 25
42 23 40 41 44 35 36
63 40 38 69 72 55 73
62 57 59 63 78 65 78

635

123

 

 

Ῑὶ 1 S ἿΓ () 1 1< 13.

VI. Table specielle
des morts du sexe feminin
sangnis selon leur fige.

 

 

 

 

 

 

 

83 50 57 63 73 74 62
68 641 76 75 61 50 60
65 53 46 48 63 41 38
“ 45Ὶ 51 49 50 50 63
53 38; 35 36 47 39 50

36 36 37 32 26 44 33
34 54 41 39 47 44 44
2 36 31 34 40 43 - 37
46 51 46 36 40 46 53
33 33 22 21 29 32 16

 

 

 

 

9 15 13 8 16 23 -9
8 5 4 7 7 7 4
2 3 3 1 2 3 ς
1 3 3 1 0 3 2
1 0 0 o 3 1 3

 

e

559} 346
114 142

47 3 500
79
45
45! 64

 

 

 

 

 

 

 

 

 

 

 

 

 

———.—‚—— -ῤ--φ-ην

41659 1554 1651 1784 1667 1575»15ος 1774 1530 1365149ΟῚ

1777 ι77 8 Ι779 ¹780 Sonnne.

207
9870
1620
1224
1135

 

xllL

 

725

671
973
1195

 

1107
1113
949
834
843

719
863
687
791
3ἶ 451

335
1¹3

 

 

 

