21

1774 1775 1776 1777 1778 1779 1780 Sonune

————-——.-——-——-———-———--—-—-

21 27 12
652 415 638 5
109 170 120 1

91 111 116

 

 

 

 

 

 

20 15
507 579 501
145 137 170
49 52 53

 

 

 

65 74 91 58 57 52 51
71 62 85 54 39 57 48
40 64 53 34 32 42 36
111 76 71 58 75 113 76
531 162 164 203 181 235 188
181 114 231 225 269 272 267
315 140 150 290 250 171 234
131 91 149 173 173 190 229
126 130 142 208 143 141 132
108 80 148 117 145 149 151
87 74 110 156 114 132 138
64 39 78 86 85 82 81
71 54 79 104 76 108 93
59 42 57 66 42 48 62
41 46 61 70 58 37 61
25 45 35 38 21 26 31
21 21 16 19 17 18 23

5 9 2 8 3 5 11

0 0 1 6 2 7 4

2 0 0 3 2 2 2

1 Ο 2 1 Ο 0 1

 

 

 

416
10722
2061
1412
1185

 

1019
669
364

Ι4752

3751

Μ-

4412
2852
2923
2401
1970

1503

 

1320
958
80³

496

330
109
54
38
18

 

 

392812046 2611 2697 2509 2670 2661 47538-

ὛΜΙ,

